image_width: 1280
image_height: 720
camera_name: narrow_stereo
camera_matrix:
  rows: 3
  cols: 3
  data: [ 774.54339,    0.     ,  639.72511,
            0.     ,  772.98413,  359.98923,
            0.     ,    0.     ,    1.     ]
distortion_model: plumb_bob
distortion_coefficients:
  rows: 1
  cols: 5
  data: [-0.338126, 0.108886, 0.000206, -0.000752, 0.000000]
rectification_matrix:
  rows: 3
  cols: 3
  data: [ 1.,  0.,  0.,
          0.,  1.,  0.,
          0.,  0.,  1.]
projection_matrix:
  rows: 3
  cols: 4
  data: [ 581.1106 ,    0.     ,  636.86567,    0.     ,
            0.     ,  711.60901,  360.13238,    0.     ,
            0.     ,    0.     ,    1.     ,    0.     ]

