image_width: 1280
image_height: 720
camera_name: narrow_stereo
camera_matrix:
  rows: 3
  cols: 3
  data: [ 795.452695,    0.      ,  639.248791,
            0.      ,  793.655366,  361.790067,
            0.      ,    0.      ,    1.      ]
distortion_model: plumb_bob
distortion_coefficients:
  rows: 1
  cols: 5
  data: [-0.325305, 0.100740, 0.000101, 0.000314, 0.000000]
rectification_matrix:
  rows: 3
  cols: 3
  data: [ 1.,  0.,  0.,
          0.,  1.,  0.,
          0.,  0.,  1.]
projection_matrix:
  rows: 3
  cols: 4
  data: [ 607.182373 ,    0.      ,  640.096105,    0.     ,
            0.       ,  736.535522,  362.154709,    0.     ,
            0.       ,    0.      ,    1.      ,    0.     ]
