image_width: 640
image_height: 480
camera_name: camera_link
camera_matrix:
  rows: 3
  cols: 3
  data: [528.433756558705, 0.0, 320.5, 0.0, 528.433756558705, 240.5, 0.0, 0.0, 1.0]

distortion_model: plumb_bob
distortion_coefficients:
  rows: 1
  cols: 5
  data: [0, 0, 0, 0, 0]
rectification_matrix:
  rows: 3
  cols: 3
  data: [ 1.,  0.,  0.,
          0.,  1.,  0.,
          0.,  0.,  1.]
projection_matrix:
  rows: 3
  cols: 4
  data: [528.433756558705, 0.0, 320.5, -36.990362959109355, 0.0, 528.433756558705, 240.5, 0.0, 0.0, 0.0, 1.0, 0.0]
